
Graph 1, order 6
011110
100110
100100
111011
110100
000100

Graph 2, order 6
011010
100010
100100
001010
110101
000010

Graph 3, order 6
011110
101010
110100
101011
110100
000100

Graph 4, order 6
011111
101111
110111
111000
111000
111000

Graph 5, order 6
000100
000011
000101
101010
010100
011000

Graph 6, order 6
000010
001001
010000
000001
100000
010100

Graph 7, order 6
001001
001111
110000
010001
010001
110110

Graph 8, order 6
010111
101000
010010
100011
101100
100100

Graph 9, order 6
000101
001010
010011
100000
011000
101000

Graph 10, order 6
011000
101101
110100
011011
000100
010100

Graph 11, order 6
000100
001001
010110
101000
001001
010010

Graph 12, order 6
001010
001111
110110
011010
111100
010000

Graph 13, order 6
001001
001010
110111
001000
011001
101010

Graph 14, order 6
000010
001001
010001
000010
100100
011000

Graph 15, order 6
011100
100001
100001
100000
000001
011010

Graph 16, order 6
010111
100111
000000
110011
110100
110100

Graph 17, order 6
001010
000100
100001
010001
100001
001110

Graph 18, order 6
010000
100011
000101
001000
010001
011010

Graph 19, order 6
001100
000000
100000
100010
000100
000000

Graph 20, order 6
001101
000101
100000
110011
000101
110110

Graph 21, order 6
000011
000010
000010
000001
111000
100100

Graph 22, order 6
001101
001100
110110
111011
001101
100110

Graph 23, order 6
001100
001101
110011
110000
001000
011000

Graph 24, order 6
010111
100001
000000
100001
100001
110110

Graph 25, order 6
010101
100011
000111
101001
011000
111100

Graph 26, order 6
001000
000100
100111
011011
001101
001110

Graph 27, order 6
000101
000110
000010
110000
011001
100010

Graph 28, order 6
011100
101010
110010
100010
011100
000000

Graph 29, order 6
000101
000011
000101
101001
010001
111110

Graph 30, order 6
000111
001011
010101
101011
110101
111110

Graph 31, order 6
011101
100010
100110
101011
011100
100100

Graph 32, order 6
010100
100011
000111
101000
011001
011010

Graph 33, order 6
011011
101101
110001
010000
100001
111010

Graph 34, order 6
010101
100110
000110
111011
011101
100110

Graph 35, order 6
001011
000101
100100
011000
100001
110010

Graph 36, order 6
010001
100100
000100
011001
000001
100110

Graph 37, order 6
011110
100101
100110
111011
101100
010100

Graph 38, order 6
001011
001100
110100
011010
100100
100000

Graph 39, order 6
010011
100111
000011
010001
111000
111100

Graph 40, order 6
011000
101010
110010
000001
011000
000100

Graph 41, order 6
000001
000110
000011
010001
011000
101100

Graph 42, order 6
011001
101100
110010
010000
001000
100000

Graph 43, order 6
001011
000010
100100
001010
110100
100000

Graph 44, order 6
010011
101001
010001
000000
100000
111000

Graph 45, order 6
011110
100011
100010
100000
111001
010010

Graph 46, order 6
001001
001000
110011
000011
001101
101110

Graph 47, order 6
000101
001111
010011
110001
011001
111110

Graph 48, order 6
010010
100101
000111
011000
101001
011010

Graph 49, order 6
010010
101100
010001
010000
100000
001000

Graph 50, order 6
010100
100000
000000
100000
000001
000010

Graph 51, order 6
011100
101110
110011
110000
011001
001010

Graph 52, order 6
001110
000111
100000
110011
110100
010100

Graph 53, order 6
011101
101001
110110
101001
001001
110110

Graph 54, order 6
010110
100001
000101
101011
100100
011100

Graph 55, order 6
010001
100100
000011
010001
001000
101100

Graph 56, order 6
011101
101011
110010
100001
011000
110100

Graph 57, order 6
011001
101100
110011
010000
001000
101000

Graph 58, order 6
010111
100001
000110
101010
101101
110010

Graph 59, order 6
001011
000011
100101
001000
110001
111010

Graph 60, order 6
010001
101010
010100
001000
010001
100010

Graph 61, order 6
000111
001000
010000
100000
100001
100010

Graph 62, order 6
000111
001011
010001
100000
110001
111010

Graph 63, order 6
000100
001011
010001
100011
010101
011110

Graph 64, order 6
001101
001001
110101
101011
000100
111100

Graph 65, order 6
000110
000001
000010
100011
101100
010100

Graph 66, order 6
011011
100110
100111
011000
111001
101010

Graph 67, order 6
001101
001100
110110
111011
001100
100100

Graph 68, order 6
011101
100101
100000
110010
000101
110010

Graph 69, order 6
001010
001100
110100
011000
100000
000000

Graph 70, order 6
010010
100110
000000
010000
110001
000010

Graph 71, order 6
001100
001011
110010
100010
011100
010000

Graph 72, order 6
011111
100010
100111
101000
111000
101000

Graph 73, order 6
010001
100110
000100
011011
010100
100100

Graph 74, order 6
001011
001111
110110
011000
111000
110000

Graph 75, order 6
000101
001110
010100
111001
010001
100110

Graph 76, order 6
001111
000101
100010
110010
101101
110010

Graph 77, order 6
010100
100010
000101
101010
010100
001000

Graph 78, order 6
000110
000101
000000
110000
100001
010010

Graph 79, order 6
010010
100100
000111
011011
101101
001110

Graph 80, order 6
001011
000001
100000
000000
100000
110000

Graph 81, order 6
000110
000011
000110
101001
111000
010100

Graph 82, order 6
011100
101100
110010
110001
001000
000100

Graph 83, order 6
001000
000000
100000
000000
000001
000010

Graph 84, order 6
010100
101100
010010
110011
001101
000110

Graph 85, order 6
010011
100110
000101
011011
110100
101100

Graph 86, order 6
011011
100010
100101
001011
110101
101110

Graph 87, order 6
001101
000000
100011
100000
001001
101010

Graph 88, order 6
010110
100110
000001
110000
110000
001000

Graph 89, order 6
011001
101111
110101
011001
010001
111110

Graph 90, order 6
011101
100000
100001
100010
000101
101010

Graph 91, order 6
011101
101101
110010
110000
001000
110000

Graph 92, order 6
011000
101010
110101
001001
010000
001100

Graph 93, order 6
010111
101100
010011
110010
101101
101010

Graph 94, order 6
001000
001100
110110
011001
001001
000110

Graph 95, order 6
000100
001001
010001
100001
000000
011100

Graph 96, order 6
010000
100010
000101
001000
010000
001000

Graph 97, order 6
011010
100101
100111
011010
101101
011010

Graph 98, order 6
011000
101110
110010
010001
011001
000110

Graph 99, order 6
011101
101101
110111
111010
001100
111000

Graph 100, order 6
010000
100100
000001
010011
000100
001100
